1.255000e+02 1.552500e+03 18 34
1.265000e+02 1.540500e+03 11 9
1.275000e+02 2.475000e+02 8 14
1.295000e+02 1.462500e+03 36 39
1.335000e+02 1.395500e+03 22 45
1.505000e+02 1.107500e+03 19 42
1.615000e+02 8.395000e+02 16 35
1.695000e+02 6.865000e+02 22 47
1.835000e+02 4.085000e+02 17 40
2.095000e+02 1.505000e+02 24 35
3.465000e+02 9.150000e+01 24 30
3.635000e+02 1.459500e+03 35 11
4.455000e+02 9.035000e+02 17 20
4.505000e+02 1.227500e+03 16 29
4.515000e+02 1.083500e+03 11 13
4.545000e+02 9.545000e+02 19 38
4.545000e+02 1.010500e+03 17 32
4.695000e+02 6.605000e+02 18 29
4.735000e+02 5.865000e+02 17 40
4.795000e+02 1.046500e+03 29 50
4.805000e+02 3.315000e+02 19 31
4.855000e+02 9.375000e+02 18 37
4.915000e+02 8.535000e+02 17 34
5.035000e+02 1.181500e+03 24 16
5.065000e+02 5.515000e+02 19 35
5.105000e+02 1.458500e+03 29 19
5.135000e+02 6.635000e+02 10 32
5.415000e+02 3.955000e+02 32 20
5.545000e+02 1.491500e+03 25 22
5.605000e+02 1.457500e+03 32 22
5.895000e+02 3.885000e+02 30 30
6.295000e+02 1.463500e+03 21 14
6.615000e+02 1.189500e+03 15 22
6.995000e+02 1.143500e+03 38 25
7.005000e+02 1.190500e+03 27 11
7.115000e+02 1.498500e+03 37 20
7.575000e+02 3.955000e+02 21 28
7.675000e+02 8.545000e+02 29 10
7.765000e+02 7.885000e+02 19 29
7.785000e+02 7.265000e+02 20 39
7.865000e+02 1.187500e+03 32 15
7.975000e+02 1.058500e+03 28 41
8.075000e+02 4.405000e+02 41 21
8.075000e+02 7.865000e+02 19 40
8.125000e+02 8.595000e+02 16 35
8.165000e+02 6.305000e+02 18 37
8.215000e+02 1.165000e+02 23 15
8.565000e+02 1.505500e+03 38 21
8.705000e+02 1.475500e+03 14 6
8.815000e+02 4.115000e+02 35 20
8.985000e+02 1.265000e+02 25 13
9.095000e+02 1.508500e+03 26 21
9.205000e+02 1.197500e+03 20 11
9.965000e+02 1.514500e+03 20 18
1.033500e+03 1.285000e+02 40 19
1.035500e+03 4.195000e+02 34 16
1.036500e+03 1.155500e+03 23 20
1.045500e+03 1.196500e+03 49 22
1.051500e+03 1.467500e+03 39 26
1.069500e+03 1.511500e+03 16 13
1.086500e+03 9.555000e+02 16 36
1.088500e+03 8.805000e+02 20 37
1.092500e+03 8.275000e+02 13 34
1.100500e+03 7.405000e+02 14 30
1.123500e+03 4.215000e+02 22 22
1.124500e+03 8.255000e+02 14 33
1.131500e+03 6.575000e+02 25 38
1.139500e+03 1.522500e+03 32 15
1.152500e+03 6.015000e+02 13 19
1.179500e+03 1.345000e+02 35 19
1.261500e+03 1.575000e+02 39 24
1.281500e+03 1.523500e+03 30 25
1.331500e+03 1.523500e+03 30 15
1.337500e+03 1.492500e+03 40 20
1.396500e+03 9.155000e+02 17 30
1.399500e+03 1.210500e+03 35 18
1.399500e+03 1.565500e+03 18 48
1.407500e+03 8.165000e+02 16 23
1.412500e+03 7.005000e+02 22 25
1.415500e+03 1.504500e+03 8 28
1.427500e+03 1.017500e+03 19 37
1.429500e+03 1.074500e+03 13 32
1.432500e+03 1.107500e+03 7 15
1.434500e+03 9.475000e+02 22 34
1.443500e+03 7.485000e+02 14 32
1.456500e+03 1.035000e+02 25 24
1.466500e+03 1.214500e+03 38 19
1.474500e+03 2.755000e+02 9 17
1.478500e+03 6.265000e+02 34 28
1.530500e+03 1.355000e+02 28 25
1.593500e+03 7.750000e+01 26 31
1.625500e+03 4.655000e+02 26 27
1.674500e+03 5.365000e+02 30 43
1.694500e+03 1.510500e+03 20 35
1.707500e+03 1.294500e+03 17 40
1.724500e+03 1.009500e+03 13 10
1.726500e+03 6.835000e+02 19 28
1.730500e+03 9.225000e+02 12 34
1.732500e+03 7.655000e+02 17 35
1.829500e+03 1.667500e+03 19 32
1.830500e+03 1.335500e+03 17 44
1.834500e+03 1.244500e+03 17 38
1.836500e+03 1.183500e+03 18 31
1.843500e+03 1.031500e+03 20 40
1.846500e+03 1.106500e+03 23 30
1.852500e+03 9.605000e+02 16 38
1.866500e+03 1.642500e+03 20 18
